8.234467130079705655e-01
4.736024040388331358e-01
-6.840944197217768696e-01
7.121763834275340876e-02
8.247966074317039098e-01
-6.661553615559927533e-01
-7.413904297123363740e-01
1.506386756797029047e-01
-3.389786714565063974e-01
-9.965376994293906332e-01
-6.399538187404127942e-01
7.538123058604935256e-01
-7.829867839341664304e-01
-2.938142214743237890e-01
-5.285929713741028824e-01
-2.471564520818287924e-01
-4.510051711869100810e-01
-7.405758195829348356e-01
1.380402119181163290e-01
-2.044186725956314010e-01
4.128698457850941139e-01
-4.272656710477364950e-01
-2.548248740887184560e-01
-6.016023834783297275e-01
-6.674672127267873289e-01
-7.867702069212951788e-01
3.932221093378420740e-01
2.828648299937166488e-01
-4.271707800883195461e-01
-1.324394145422371771e-01
-7.306687155852433779e-01
2.697388536796014868e-01
-8.678442616274160137e-01
9.174451599550526026e-02
-3.426323038600755932e-01
2.796405881907542135e-01
-5.099489801503049868e-01
-3.180552518534074391e-01
1.577328147924395019e-01
7.791363598301748183e-01
7.872539591787370838e-01
9.083380103774185699e-03
9.453126595327066006e-01
-4.431248153076583485e-01
1.622488717788266310e-01
-2.741205838497773328e-01
-3.420416739162535080e-02
5.786580740512488052e-01
8.216723320572192346e-01
-4.939744782080961460e-01
6.998200824246254559e-01
-8.037275053778836220e-01
-4.931433407277863168e-03
-3.319145123262989827e-02
-6.643539901993482655e-01
9.673365020584852036e-01
4.647883946388140508e-01
-1.353909937895914073e-01
3.845673129048894356e-01
4.685603205655202164e-01
3.363291657316529459e-01
-4.337726592720061447e-01
3.224548602439916145e-01
5.304649983335432140e-01
6.684087290145521720e-01
-7.849766915910456611e-01
4.359033724000871413e-01
-5.260126476632600578e-01
6.951961021454078349e-02
-6.888944104776735244e-01
7.935897618855560776e-01
-6.051170826757639176e-01
-1.475839519792048193e-01
7.108556226869091610e-01
-1.368750459816163723e-01
1.563684453165827826e-01
-4.520042116396507659e-01
-1.044464546076906419e-01
-3.857524777649341541e-01
3.405651795505508783e-01
-7.860232235209583251e-01
6.422308723505743000e-01
-9.651621025558554390e-01
4.484555043033209287e-01
-2.325899363480539161e-01
9.854747890289581314e-01
-8.095649404118054893e-01
-6.709111792109254679e-01
-4.376920756331190709e-01
-2.749522155551031855e-01
7.024541894129627817e-01
-1.331646526623240234e-01
9.857825409588385490e-01
9.945091366113405495e-01
4.683632409959055387e-01
5.925414711292584791e-01
-4.428245989624612911e-02
6.310049591063067176e-01
-2.504007354151871478e-01
4.415020340419923972e-01
-1.065482282365681765e-01
-2.520611163281247791e-01
6.158014405293488203e-02
8.506441827293809155e-02
-2.401877274573527288e-02
8.098391167468459440e-01
1.507790724060320553e-01
-2.558068450420980522e-01
-7.921658695655693361e-01
-1.314165438093506388e-01
-6.594406477168213154e-01
7.153869537626502684e-01
7.400695249828885824e-01
-8.928693456680620866e-01
7.221959394953640921e-01
6.919736607156954378e-01
-7.429369119441917579e-01
-6.476945736188577385e-02
1.326118638559101726e-01
-8.407200364999090070e-03
4.909902988745269425e-01
-9.421962351397361601e-02
-1.715472669466624467e-01
3.457667041163250410e-01
-8.003800756298962149e-01
-4.834667978245099640e-01
-3.590675015846207518e-01
5.978443214508750714e-01
8.459655929920242290e-01
-2.128241799723433747e-01
-5.811157292622242121e-01
-5.658807757196906429e-01
-9.934714213378779135e-01
4.886094956638149522e-01
7.283596912215390962e-01
-4.640086218333099310e-01
1.245769264656604314e-02
-8.143176620211507455e-01
9.994715388098209807e-01
-4.170277787887401999e-01
6.772786163646211666e-01
3.321257555729841826e-01
-2.171085949953521776e-01
-3.519251323687428989e-01
6.420803259715148759e-01
3.159169197099287452e-02
8.475976793976456314e-01
-3.980050211566874552e-01
9.697586726866735951e-01
5.516313226281515103e-01
-9.474401403864700644e-01
-5.676699930590067833e-01
-3.272929657179750595e-01
4.783768343126393319e-02
4.497225152319799246e-01
-7.484845729665248193e-01
5.969596962986534194e-01
1.815516762502287218e-01
-1.259494200135744535e-01
2.248292982308617294e-01
-3.943675321717419191e-01
5.264352741525095691e-01
1.317032542047933408e-01
-9.026365442538824002e-01
1.791057778226305963e-01
5.199791898469245943e-01
-3.216224102712916810e-02
-3.460914859940280586e-01
4.651066386832796162e-01
3.738012854665191398e-01
6.019914139831348265e-01
-4.591808863094828386e-01
-5.281027002913027957e-01
9.966061711920259913e-01
-5.980345824218167294e-01
2.119005550222545775e-01
-7.637688937451683202e-01
-2.416451040067872924e-01
8.461805671471887003e-01
-2.254513611903565806e-01
-3.140073889841186183e-01
5.561186958606159081e-01
-8.681580660554926165e-01
-7.787466763021018146e-01
-7.564634172432065373e-01
-2.674775733819421131e-01
-2.490166871364429824e-01
-3.170574984935310425e-01
-1.949125960509645594e-01
4.604117979135213812e-01
3.634293032437132531e-01
-6.887055354734403778e-01
4.482695158683913661e-02
7.888137030045776488e-01
-4.657670975724441664e-01
1.971129757241183444e-01
5.231200484075875234e-01
-4.186956302758142456e-01
2.232039882357712557e-01
-6.428897434159266400e-01
-9.341036972334340049e-01
9.737616500965766697e-01
-9.137394552418458549e-01
9.521489041279822541e-01
-4.822631713629574879e-01
-3.437895847521714732e-01
3.103710695732613267e-01
-7.350137236100169336e-01
1.789336999099155889e-02
7.100141931708621179e-01
-8.190622169318007018e-02
-2.561918693495490729e-01
7.758303570904658830e-01
5.163858706552963973e-01
7.521745577861773668e-01
-8.553909905220762333e-01
5.367554966350429613e-01
3.545917727144489717e-01
1.613398348791910131e-01
-3.822732486865432211e-01
-1.115665604888680384e-01
7.925010542336670127e-01
-4.926512078230904645e-01
3.278423081765451386e-01
3.388092217524314442e-01
4.555095493823939634e-01
-3.765837687722806137e-01
6.560281773291694041e-01
-8.938791828126806394e-01
-4.070753003442502127e-01
1.452369465944387539e-01
-7.146467765283488482e-01
1.590868961779088320e-01
2.348633862840669995e-01
2.440606051142450994e-01
5.417022813701175554e-01
6.682098317215863226e-01
-5.997309108008874734e-01
4.711598463684660842e-01
5.105356266613712002e-01
-5.343871040111665138e-01
-1.051290063415595277e-01
-4.596485475249323382e-01
-8.711191332309236035e-01
-8.374127190819695699e-01
2.602363257515361017e-01
-1.152496168434480328e-01
-3.633144142546427258e-01
-6.315863972934756543e-01
6.929433127650337365e-01
-7.103740173510455502e-01
-1.870399349497224861e-01
3.309183308136189883e-01
-6.421383404382716709e-01
-8.784698989783243928e-01
1.722864796109768726e-01
4.709250187394209419e-03
-5.726429350241049043e-01
4.945661611584111217e-01
-7.566515576022880829e-01
-2.001042445771941125e-01
8.931046383455112370e-01
-9.085553118502467385e-01
6.489036608434792797e-01
-3.948132650783482411e-01
